750
56
680
651 102
320
409 408
535 57
675 371
521 262
339 837
38
993 735
768
145
279
178
839
143 789
481 991
155 982
123 758
930 96
411
470 204
755
341 249
931
73
977 808
937 134
165 405
364
590 375
874
460
784
84 53
904 883
608 607
662 388
205
76 595
553 581
513 885
556
923
932 307
697 93
957 958
543 183
737 622
712
891 188
528 534
856 929
101 67
525 862
847 661
281
335 981
435
615 619
450
81
243 846
211
925
728
815
151 355
630 793
372 744
392 721
853 407
726 716
800 956
557
509
358
233
577 545
350 681
160 657
791
220
745
451
406
210
245
148
777
209
215 248
698 720
519
235
848
381
206 214
832 858
881 318
620 617
394 424
321 562
272
952 943
845
623
397
950
908
600 598
718
458 401
634 635
996 478
428 46
628 601
261
344 814
836
225
393
859
632 498
820
109
705 825
912 455
861 169
330 40
91 469
606
13
905
463
727
613
256 200
838 711
311
252 624
501 967
584
585 684
2 116
327 422
438 386
299
696 603
754
298
11
511 289
465 226
541
942
190 180
303
840 461
334
506
176
614
7
963
4
823
844
482 231
774 769
111
899
454 494
896
163 168
824 828
483
154
70
378
86 432
594
830
502
468
202
153 150
224 161
484 487
474 573
221 207
453
799
167
767
867
520
382 763
604
713
306 253
701 703
383 137
260
24
85 631
493
826
100
74
368 130
653 259
817 665
437 146
756
423
589 185
821
921
809
659 673
813 26
251
637 636
283
746
170
268
516
605
964
591
947 12
770 138
682
897 510
670 8
664 124
126 818
60
9
237 417
457
66 269
627
723
499
173 609
346
948
63
505
302
559
477
331 882
296
166
504
329
347
51 15
892 798
352
731 676
342
649
734
75
616
971
286
156 794
421
125
951
742
533
275
915 571
572 414
416
332
778
340
107
567
596
485
803
816 579
872 182
517 95
338 288
889
316
736
730
64 68
94 995
219
741
611
348
702
888
706
638
325
304 99
550
733
264 548
179
194
467
228
328
796 795
866 857
658
537 544
574
807
714 475
536
309
644
812
887
965 503
193
994
141
122
43
715 171
48
906
500
647
561
87
218 223
849
18 426
412
236 52
247
255
855
599 580
538
196
436
973 459
413 415
788 946
753 834
672
686 31
238 250
319
710 390
496 699
290 547
997
998
760 988
761
974 901
425
271 927
265
868 717
898 752
158 257
707
462
709 385
975
920 157
542 527
568 564
926
960 873
23
108 894
441
775
22
749 985
900
293
938
479
50
266 172
442
78
811
420
575
970
282
692
267
552 700
962
719
440
747
678
936
324 558
365 244
570
241
391
443 115
593
110
147 801
79 54
695 566
32 490
227 6
743
532
877
903 80
198 949
105 447
164
780
955
27 118
851
162 797
852
878
829
276
42
491
333
430
507
28
1
192
642
263 471
917
976
531
313
524 402
445 427
273 199
787
835 833
802
345 953
369
112
694
195 10
986
295 940
439
103
294
691
317
357
351
258
688
907
366 759
55 529
25
602
29
646
766
831
71 464
886
708
374
119 82
203
21
860
418 403
972
114 242
841 643
740 751
597
569
645
652
5
939
526
959
323
135
16
869
514
222
480
663
870
989
933
356
992
641
308
140
98
495 492
120
518 984
980 945
722
978
592
14
431
790
842
540
377
781 633
187
626
893
239
738
446
89
300
827
45
128 990
399 395
551
88 20
36 582
916 902
865
669
270 133
410 452
174
704
77
37 806
49 444
285 144
677
515
765 376
772
935
398 363
315
966
843
583 30
588
136
17
387
3
310 291
621
656
805 689
216
560
576
62
910 0
217
127
764
312
655
776
671
895
473
360
785
186
554
240
854
379
687
326
667
909 941
497
230
336 879
149
546
404
876 810
39
786
184
565
732
783 750
274
400
748
433
41
354
983
177
922
880
668 666
610
132
117 884
911 280
92
489
650
924
522 44
229
212
472
725
121
201
724
189
373 434
819
679
693
213
987
65 234
979 762
863
232
389
448
914
396
850
159
587 578
361
277
254
181
297 129
757
875
512 449
97 999
61 353
913
486
690
729
822
142
362
792
292
648