750
999 996
2 0
62
576
3
288 285
95 94
872 871
28
1
4
146 144
253 252
202
600 599
115 114
475 474
341 339
949 947
108 105
227 226
408 407
737 735
38
185 183
806 805
262 259
204 200
717 716
250 249
37 36
143 138
387
17
79 76
92
32 31
152 151
125
410 409
363 359
133 131
566 564
828 825
500
119 118
9
22
775
402 401
93 91
833 832
165 163
12 10
157 156
344 343
155 153
234 231
162 161
443 438
281
336 335
661 660
424 422
127
26 20
582 581
34
51 49
817 816
101 99
130 129
388 386
286
78
371 368
718
88 86
472
224 223
87
150 147
482 481
789 788
984 982
137 134
383 382
35
280 273
417 415
457
97 96
974 973
436
196
835 834
145
768
995 993
744 740
451
745
98
47 46
676 675
244 243
18 15
48
622 620
8 6
511 510
11
298
19
391
241
61 59
149
395 394
331 330
175 173
199 198
242 238
13
606
230
497
207 206
82 80
172 171
169 168
44 40
124 123
189
373 372
469 466
824 818
483
109
820
69 68
296
166
437 434
5
53 52
670 668
915 912
580 579
58 57
385 384
769 765
327 324
117 116
812
612 609
272
65 64
313
221 218
248 246
70
154
573 572
841 840
67 66
257 256
30 27
940 937
304 297
113
495 494
585 583
899
111
423
756
461 459
43
634 633
73
801 800
103
294
518 517
7
614
176
979 977
160 158
468
957 956
405 403
255
247
264 263
636 635
936
814 813
544 543
513 512
454 452
731 726
81
450
228
328
796 795
100
74
529 528
760 759
215 214
683 681
376 375
364
179
195 191
862 861
72 71
532
499
723
271 270
265
516
268
435
617 615
55 54
275
533
728
182 180
414 413
416
332
778
277
254
181
546
203
21
664 662
205
290 289
498 496
445 444
237 236
104 102
320
338 337
295 291
610
29
39
858 857
465 464
471 470
178
279
704
174
120
638
325
644
309
536
567
23
960 958
965 961
193
773 770
361
911 910
128 126
89
269 266
367
302
505
63
140
674 673
136
121
201
578 577
159
370
404
810 808
487 484
300
393
225
350 345
547 545
881 879
287
847 846
939
526
25
602
41
433
605
964
591
558 553
217
550
139
653 651
60
197
449 447
311
625 624
212
107
258
688
715 714
492 490
211
736
301
488
83
619 618
318 310
522 521
347
329
504
732
283
643 637
251
596
485
803
312
177
112
14
45
478 476
216
392 390
260
24
761
352
798 797
307 306
77
213
16
106
746
170
355 353
815
467
194
85 84
975
709 705
506
334
356
933
142
75
616
527 525
90
314
897 894
503 501
584
685 684
412
56
305
666 665
509
557
707
458 455
233
358
366 365
50
479
559
477
33
322 321
597
284
42
758 753
906
164
463
552 548
750 749
900
141
988 985
362
342
360
473
210
245
148
411
192
292
648
702
348
439
923
934 932
299
167
799
453
240
389
190 188
535 534
930 929
838 837
608 607
462
219
278
357
317
229
232
377
781 774
187
110
293
261
630 628
432 428
378
696 695
587 586
354
480
222
514
869
274
400
493
551
399 398
680
209
721 720
811
235
519
379
303
267
692
282
456
876 873
786
184
755
565
561
647
239
442
420
575
802
590 589
539
406
446
924
650
763 762
555
323
135
856 853
850
208
645
569
711 710
809
921
821
892 891
703 701
316
889
950
397
623
502
830
594
712
431
508
574
807
440
719
962
460
654
549
489
507
430
333
319
220
540
346
592
421
427 426
729
918 916
994
122
538
381
848
531
649
441
419 418
315
570
951
742
556
351
491
524 523
571 568
926
754
603 601
515
598 595
903 902
868 866
860
308
641
968 967
880
922
520
867
767
369
943 941
655
374
349
340
604
663
870
885 884
893
626
629
887
724
563 562
448
396
542 537
855
380
530
621
656
588
997
864
652
132
276
186
554
560
771
613
727
679
819
658
667
909 904
326
429
671
776
700 699
632 631
946 945
690
486
682
659 657
752 751
935
672
689 686
831
646
766
784
627
849
639
920 919
739
706
836
678
747
693
863
642
917
874
669
865
804
827
722
978
708
886
698 697
851
687
611
741
725
907
785
901 898
908
791
757
777
541
942
794 793
792
425
677
823
844
738
896
730
733
772
779
963
845
875
691
787
895
852
878
829
743
877
640
890
826
914
959
713
764
955
780
593
969
790
839
948
986
842
954
972
970
783 782
931
905
991 990
992
822
843
888
966
983
953 952
913
883 882
925
694
854
734
928 927
944
748
859
971
938
998
976
981 980
987
989